1822	
2950	
3267	
4489	1
4550	1
4556	1
5101	1
5603	2
5855	2
6955	2
7368	2
7444	2
9547	
16781	
16809	
16811	
16813	
16814	
16815	
31272	
31293	
34259	
34271	
37222	3
37223	3
38416	3
38461	3
38464	3
40297	3
43187	3
43654	3
44191	3
44403	3
44530	3
44569	3
44575	3
44578	3
45214	3
45313	3
45409	3
45584	3
45599	3
45616	3
45622	3
45625	3
48047	3
67641	4
67737	4
69713	4
70125	4
75506	
75984	
77136	
78155	
78341	
78557	
79487	
79559	
79709	
79713	
79714	
85228	
87269	
91690	
92743	
93466	
94611	5
95436	5
95652	5
97269	5
98919	5
98931	5
99579	5
100563	5
100645	5
100647	5
101001	5
101481	5
102071	6
102167	6
103897	6
104027	6
105269	6
105388	6
105651	6
105653	6
106354	7
106678	7
106684	7
106989	7
107214	7
108526	8
108695	8
108890	8
109114	8
109645	8
109692	8
109714	8
109717	8
109720	8
109732	8
109741	8
109803	8
110381	8
111075	8
128708	
130427	
131278	
140222	
143413	
144344	9
146191	9
146385	9
148483	
150302	
150351	
150602	
150635	
153553	
153988	
154822	10
154857	10
154862	10
157783	
157987	
170983	
171196	
171316	
171373	
175245	
186413	
188718	11
189357	11
189358	11
191462	
192199	
193123	
193649	
193655	
195174	
195877	
195982	
198484	
198530	
199698	12
199982	12
202458	12
202705	12
203310	12
203325	12
204780	
204786	
204804	
204810	
204813	
204912	
204915	
205053	
206455	
207148	
207520	
209669	13
211289	13
211999	13
212149	13
212892	13
213703	14
214281	14
214360	14
215157	14
215207	14
215573	14
215725	14
218113	15
218147	15
218309	15
219066	15
219140	15
219152	15
219855	15
220996	15
221005	15
221061	15
223676	16
223680	16
223692	16
223893	16
223895	16
223917	16
224039	16
225714	
227067	17
227071	17
227136	17
227691	17
228117	17
228863	17
229175	17
229502	17
230088	17
231919	
233992	
234474	
234484	
236658	
246571	
249812	18
250116	18
250632	18
254010	
255573	19
255578	19
255641	19
255648	19
256719	19
260014	19
261664	19
261799	19
263009	
263010	
263011	
263013	
263014	
263015	
269086	
269253	
276731	
276962	
278253	20
279066	20
282140	20
287475	21
287952	21
287977	21
288034	21
288035	21
289002	
290159	
292841	
293118	22
293659	22
294582	22
297821	
301052	23
301267	23
303435	24
304226	24
305310	25
306034	25
310493	26
310706	26
311053	26
311056	26
311062	26
311083	26
311085	26
311376	26
314061	
314342	
317343	
317476	
318028	
318712	
328557	27
328563	27
328790	27
339131	
347233	28
347240	28
347281	28
349430	
350337	
351189	
351783	
354576	
361765	
363290	
369507	29
369947	29
370668	29
374691	
375339	
375702	
376155	
376812	
376825	
377034	
385008	
408055	30
408151	30
408261	30
413539	
422605	
426164	
426167	
433634	31
433639	31
433655	31
433746	31
436524	
436776	32
436789	32
437631	32
437896	32
439168	
466634	33
466640	33
466839	33
466961	33
466970	33
467014	33
470664	
476604	34
477340	34
477603	34
478245	34
483002	35
483005	35
483836	35
483917	35
485827	36
486169	36
486732	36
486917	36
487220	36
487646	37
487664	37
488265	37
488437	37
488957	37
492264	38
492390	38
493383	38
493608	38
493670	38
493723	38
494736	39
495721	39
495859	39
496344	39
497297	40
497891	40
498230	40
498386	40
498545	40
500949	41
501040	41
503024	
504792	42
505342	42
505753	42
507372	43
508191	43
508589	43
508592	43
509496	44
509861	44
509972	44
510083	44
510086	44
510092	44
510104	44
511522	44
512733	44
512735	44
512739	44
512763	44
512769	44
512772	44
512792	44
512910	44
513261	44
515460	44
515463	44
515508	44
515540	44
515541	44
515592	44
515594	44
515595	44
516395	44
520997	
521004	
521388	
525433	
530830	45
530865	45
531383	45
532496	46
532760	46
534510	47
534664	47
534829	47
536184	47
536838	47
538001	
540133	
540809	48
540810	48
540861	48
540864	48
540903	48
540905	48
541056	48
541059	48
541065	48
541071	48
541369	48
541452	48
541490	48
541507	48
541858	48
541861	48
541870	48
541874	48
542068	48
542070	48
542072	48
542073	48
542074	48
542075	48
542078	48
542086	48
542087	48
542089	48
542090	48
542099	48
542108	48
542111	48
542119	48
542126	48
542129	48
542134	48
542141	48
542142	48
542629	48
543207	49
543617	49
544780	
547300	
547540	50
547617	50
547841	50
547853	50
548581	50
551971	51
552014	51
552856	51
552918	51
553585	51
554897	
555051	
555225	
555257	
555609	
555947	
556085	
560267	
565292	
568975	52
569317	52
569932	52
571045	52
571600	53
572645	53
574500	53
577850	53
578399	
579655	54
579954	54
579982	54
579983	54
579991	54
579995	54
580291	54
580309	54
580313	54
580651	54
580819	54
580825	54
581814	55
581955	55
582680	55
583037	55
584140	55
586361	
589754	56
590213	56
590243	56
590297	56
590519	56
591318	56
591362	56
595571	
595703	
596779	57
597732	57
658077	
659814	
659953	
660072	
661860	
674656	
677813	
682436	
683090	
686064	58
686666	58
689241	59
689912	59
691714	
692126	60
692248	60
693205	60
693989	60
695491	61
696251	61
696415	61
696627	
697398	62
697407	62
697410	62
697413	62
697416	62
697473	62
697488	62
697763	62
697788	62
702178	63
704365	63
704368	63
704378	63
704386	63
704389	63
704395	63
704398	63
704399	63
704470	63
705253	63
705298	63
705310	63
705319	63
705334	63
705340	63
705355	63
705358	63
705397	63
707485	
708838	64
709034	64
709070	64
709085	64
709117	64
709310	64
709391	64
709414	64
709440	64
709705	64
709706	64
709726	64
710004	65
710007	65
710013	65
710811	65
711540	66
711543	66
711547	66
711549	66
711552	66
711553	66
711555	66
712528	66
712994	66
713025	66
713061	66
713066	66
713096	66
713213	66
714676	
714686	
715178	
717348	
718466	
725954	67
726011	67
726178	67
727593	68
727725	68
728636	68
729614	
731381	
733731	69
734264	69
734836	69
735193	69
735463	69
735674	69
735677	69
735680	69
735683	69
735731	69
735866	69
737484	70
737755	70
741682	
741716	
743958	71
743961	71
743964	71
743967	71
743970	71
743973	71
744007	71
744009	71
744486	71
745180	
748506	
751250	
754253	
754711	
755593	
758648	72
759296	72
759372	72
759418	72
760207	72
760780	72
763058	
767730	
771391	73
771792	73
772264	73
773200	
773362	
773611	
775365	
775722	
777094	
786356	74
786912	74
787519	74
793044	
798786	
798789	
800679	74
800681	74
800682	74
800688	74
800694	74
800697	74
800703	74
800705	74
800709	74
800718	74
800720	74
800724	74
800733	74
800736	74
800738	74
800739	74
800745	74
800747	74
800748	74
802305	
804166	
804899	
808470	
816793	75
816942	75
816996	75
817008	75
825644	
828049	
829455	76
829780	76
829819	76
829846	76
829849	76
829852	76
829877	76
829882	76
829897	76
829903	76
829909	76
829927	76
829933	76
829936	76
829939	76
829942	76
829948	76
829957	76
829963	76
829981	76
829984	76
829987	76
829990	76
829993	76
830017	76
830023	76
830050	76
830053	76
830068	76
830557	76
836881	
843958	
845198	77
845490	77
846177	77
848444	77
848499	77
848511	77
848529	77
848532	77
853771	
855096	157
855142	157
855397	157
855745	157
857033	157
859366	
864170	78
864280	78
864550	78
864562	78
865343	78
866332	79
866471	79
866803	79
867072	79
872392	
874737	
876712	
877530	
880061	80
880828	80
881837	81
881855	81
882896	81
883132	81
883285	81
883315	81
883584	81
884466	81
885200	81
886879	
886986	
886989	
886998	
887010	
887469	
887517	
892552	82
892711	82
893672	82
893777	82
894007	82
894349	82
895097	
897336	
906055	83
906262	83
906921	83
910865	83
912790	83
913342	83
913344	83
913347	83
913371	83
913374	83
913446	83
913465	83
913470	83
913474	83
913476	83
913497	83
913500	83
913512	83
913524	83
913605	83
913614	83
913674	83
913677	83
914706	83
914712	83
914751	83
914832	83
914850	83
914857	83
914858	83
914872	83
915205	83
915534	83
915540	83
916911	83
917024	83
917030	83
917285	83
917372	83
917944	83
918681	84
918851	84
919732	84
919985	84
920419	84
921671	85
921701	85
921731	85
921732	85
921733	85
921740	85
922325	85
922374	85
922811	85
922813	85
922984	85
923241	85
923607	85
938081	86
938172	86
938206	86
938223	86
938642	86
938978	86
939284	86
940655	
947878	
948362	
950993	
958607	87
958878	87
959253	87
959338	87
960396	87
961359	87
961526	87
964228	88
964417	88
964654	88
965542	88
965665	88
965991	88
966036	88
966438	88
967023	89
967726	89
967731	89
968434	89
969577	
970916	
973221	
973488	
976518	
978242	
984055	90
984058	90
984060	90
984063	90
984064	90
984073	90
984091	90
984097	90
986607	
990553	
990808	
990811	
999814	
1048298	91
1048310	91
1048403	91
1049039	91
1049760	91
1050010	91
1053929	91
1056711	
1060137	
1064409	
1067926	
1069881	
1085037	
1085658	
1085898	
1086437	
1086449	
1087188	
1087782	
1088370	
1092195	
1092741	
1095916	
1098607	
1099594	
1114363	
1114471	
1114828	
1121697	
1123918	
1127755	
1143964	92
1145196	92
1146537	93
1146958	93
1147748	94
1147804	94
1147806	94
1147873	94
1147978	94
1147981	94
1147984	94
1147987	94
1147993	94
1147996	94
1147997	94
1148014	94
1148022	94
1148026	94
1148029	94
1148033	94
1148067	94
1148083	94
1148085	94
1148088	94
1148089	94
1148093	94
1148095	94
1148096	94
1148097	94
1148098	94
1148103	94
1148104	94
1148107	94
1148110	94
1148113	94
1148116	94
1148119	94
1148122	94
1148125	94
1148127	94
1148128	94
1148131	94
1148134	94
1148140	94
1148149	94
1148158	94
1148161	94
1148164	94
1148170	94
1148176	94
1148182	94
1148185	94
1148188	94
1148191	94
1148201	94
1148202	94
1148209	94
1148215	94
1148218	94
1148230	94
1148232	94
1148245	94
1148248	94
1148272	94
1148275	94
1148278	94
1148281	94
1148290	94
1148296	94
1148298	94
1148305	94
1148314	94
1148341	94
1148344	94
1148353	94
1148355	94
1148356	94
1148380	94
1149058	94
1150504	
1150555	
1151601	
1151662	
1153448	
1157625	95
1157758	95
1157791	95
1157893	95
1158099	95
1158417	95
1158843	95
1158860	95
1159452	95
1159468	95
1159668	95
1160049	95
1160534	95
1194579	96
1194682	96
1195279	96
1195451	96
1195452	96
1195484	96
1195611	96
1195713	96
1196157	96
1196540	96
1196976	97
1197523	97
1197989	97
1198962	98
1199024	98
1200861	
1201108	
1203102	99
1203462	99
1204083	99
1206979	
1210087	
1210243	
1210260	
1217206	100
1218090	100
1218234	100
1218489	100
1218822	100
1219863	100
1219995	100
1220106	100
1220198	100
1220712	100
1221216	100
1221305	100
1224679	
1225090	
1225120	
1225141	
1226439	101
1227069	101
1227071	101
1227072	101
1227646	101
1229418	
1231410	102
1231507	102
1231575	102
1231788	102
1231883	102
1232145	102
1235319	
1235409	
1235415	
1235445	
1235719	
1239008	
1239074	
1241940	
1244882	103
1245139	103
1245302	103
1245310	103
1245545	103
1245842	103
1246496	
1246586	
1247342	
1252253	104
1252429	104
1252709	104
1252729	104
1253057	105
1253852	105
1253896	105
1253908	105
1254045	105
1254873	106
1255338	106
1256137	107
1257178	107
1257190	107
1257193	107
1257196	107
1257786	107
1257880	107
1257928	107
1257940	107
1257958	107
1258003	107
1258861	
1261782	108
1264868	108
1265101	108
1271317	
1276717	
1276835	
1279087	109
1279140	109
1279147	109
1279216	109
1280797	109
1281548	109
1282060	109
1282239	109
1282326	109
1282329	109
1282672	109
1282699	109
1282715	109
1282826	109
1284357	109
1284450	109
1285023	109
1285261	109
1285473	109
1285593	109
1285798	109
1285799	109
1285800	109
1285801	109
1285804	109
1285805	109
1285807	109
1285808	109
1285811	109
1285812	109
1285813	109
1285814	109
1285816	109
1285817	109
1285818	109
1285819	109
1285828	109
1285829	109
1285830	109
1285865	109
1288944	110
1288972	110
1289169	110
1289478	110
1289638	110
1332892	
1341167	111
1341864	111
1343142	111
1345021	112
1345147	112
1345986	112
1346007	112
1346088	112
1346174	112
1346175	112
1346184	112
1346190	112
1346206	112
1346217	112
1346223	112
1346227	112
1346229	112
1346583	112
1350548	113
1351666	113
1353150	113
1355584	113
1356476	113
1356516	113
1356676	113
1371730	114
1374146	114
1374149	114
1374253	114
1374426	114
1374566	114
1374608	114
1375820	114
1375976	114
1375977	114
1376282	114
1377948	
1377950	
1377951	
1388595	115
1388601	115
1389362	115
1391662	115
1391685	115
1392502	115
1392653	115
1392957	115
1392968	115
1393166	115
1395519	
1395789	
1395927	
1398538	
1403306	
1403308	
1404268	
1404430	
1404821	
1405903	116
1405979	116
1405988	116
1405991	116
1406011	116
1406012	116
1406013	116
1406039	116
1406045	116
1406048	116
1406054	116
1406283	116
1406547	116
1406558	116
1406561	116
1406567	116
1406573	116
1406576	116
1406579	116
1406583	116
1406585	116
1406588	116
1406590	116
1406591	116
1406600	116
1406609	116
1406642	116
1406647	116
1406648	116
1406651	116
1406659	116
1406663	116
1406666	116
1406669	116
1414213	
1425062	117
1425254	117
1425282	117
1426146	117
1426251	117
1426257	117
1426287	117
1426427	117
1426456	117
1426514	117
1426534	117
1427957	118
1428042	118
1428068	118
1428579	118
1428610	118
1428696	118
1431504	
1432964	
1433460	
1436937	119
1437055	119
1437725	119
1451596	120
1452227	120
1455377	120
1455430	120
1457988	120
1462181	120
1462513	121
1464944	121
1464950	121
1464953	121
1467557	
1468606	122
1468609	122
1468615	122
1468929	122
1468930	122
1468932	122
1468949	122
1468952	122
1468961	122
1468979	122
1468982	122
1468985	122
1468988	122
1468997	122
1469003	122
1469012	122
1469018	122
1469021	122
1469027	122
1469030	122
1469042	122
1469048	122
1469051	122
1469054	122
1469057	122
1469063	122
1469066	122
1469068	122
1469074	122
1469078	122
1469087	122
1469093	122
1469894	122
1469902	122
1470060	122
1472268	
1473851	
1477951	
1484014	
1484486	
1485676	
1495795	123
1495897	123
1497461	123
1497667	123
1497695	123
1501643	
1503336	
1506792	
1509115	
1514475	124
1514481	124
1514490	124
1514504	124
1514510	124
1515423	124
1515621	124
1515753	124
1515866	124
1515873	124
1529276	125
1530035	125
1530704	125
1530996	125
1531430	125
1532462	125
1533203	125
1534238	
1537947	
1544662	158
1544989	158
1545220	158
1547478	
1550841	
1554187	126
1554791	126
1559647	127
1560389	127
1560761	127
1560763	127
1561178	127
1561481	128
1561505	128
1562452	128
1562574	128
1562576	128
1562585	128
1562869	128
1562991	128
1565942	129
1566946	129
1567878	
1568629	
1569103	
1569232	
1569493	
1570936	130
1571753	130
1571880	130
1572246	130
1572635	130
1572641	130
1575840	
1576348	
1577451	
1577535	
1585016	
1591087	131
1591091	131
1591093	131
1591394	131
1592010	131
1593866	
1598192	
1599618	
1600329	
1605417	132
1605420	132
1605427	132
1605432	132
1606625	132
1606768	132
1607354	132
1608894	132
1610134	132
1610330	132
1612287	132
1612299	132
1612308	132
1612559	132
1614844	133
1614845	133
1615742	133
1622226	134
1622391	134
1622469	134
1622522	134
1625868	
1626965	135
1627055	135
1628804	135
1628807	135
1629213	135
1629558	135
1629721	135
1629825	135
1630287	135
1630408	135
1633042	136
1633108	136
1633110	136
1633111	136
1633112	136
1633113	136
1633179	136
1633772	136
1643667	137
1645117	137
1649856	
1649868	
1653005	
1653010	
1653013	
1656851	
1657400	
1657768	
1658808	138
1658819	138
1659006	138
1659539	138
1660067	139
1660437	139
1661407	
1663892	
1663925	
1665281	
1668184	
1680577	140
1680649	140
1680811	140
1684099	140
1698905	
1699031	
1699685	
1708487	
1712865	141
1713196	141
1713641	141
1713642	141
1713675	141
1713709	141
1713710	141
1713720	141
1713865	141
1714048	141
1716324	142
1717950	142
1720517	
1722640	
1723961	
1726290	143
1726793	143
1726884	143
1727055	143
1727186	143
1727397	143
1727481	143
1727487	143
1728517	144
1728523	144
1728673	144
1728678	144
1729053	144
1729266	144
1737338	145
1737393	145
1737395	145
1737399	145
1737400	145
1737401	145
1737404	145
1737632	145
1738430	146
1739849	146
1739855	146
1739921	146
1741388	146
1741392	146
1741394	146
1741396	146
1741402	146
1741424	146
1743242	147
1744451	147
1744454	147
1744505	147
1744555	147
1744749	147
1744814	147
1744818	147
1744826	147
1744833	147
1744839	147
1744847	147
1745135	147
1745444	147
1745780	147
1746728	147
1747575	
1747596	
1747599	
1748127	
1748139	
1749414	148
1749465	148
1749531	148
1750087	148
1750738	148
1750798	148
1750966	148
1751322	148
1751330	148
1751666	148
1751997	148
1752064	148
1752220	148
1752842	149
1752856	149
1753755	149
1753823	149
1756569	
1759307	150
1759812	150
1762265	151
1763303	151
1763321	151
1763327	151
1763329	151
1763330	151
1763502	151
1763610	151
1763672	151
1764269	151
1772499	152
1772801	152
1772827	152
1772853	152
1772867	152
1773125	152
1774285	152
1774538	152
1774887	152
1774913	152
1774994	152
1777109	152
1777239	152
1777571	152
1777710	152
1778176	152
1778398	152
1778455	152
1778464	152
1778467	152
1778470	152
1778473	152
1778476	152
1778485	152
1778494	152
1778497	152
1778515	152
1778518	152
1778674	152
1778749	152
1794910	152
1794966	152
1795395	152
1796433	152
1797351	152
1797354	152
1797357	152
1797470	152
1797818	152
1798632	152
1799034	152
1799496	
1799598	
1799715	
1801782	
1805871	
1808257	153
1808673	153
1812447	154
1812510	154
1812541	154
1813968	
1827730	
1828705	
1828881	
1829093	
1832135	
1832197	
1832308	
1832748	
1833232	
1833426	
1837000	155
1838290	155
1838569	155
1838900	155
1839036	155
1839084	155
1839244	155
1839410	155
1840177	156
1840436	156
1840656	156
1840992	156
1842720	156
1842788	156
1843166	156
1843428	156
1843734	156
1844625	
1848525	
1852387	
1860002	
